%YAML:1.0
R: !!opencv-matrix
   rows: 3
   cols: 3
   dt: d
   data: [ 9.9999899552530302e-01, -6.4410040946004789e-04,
       1.2625700168756723e-03, 6.9705999711697274e-04,
       9.9910029021559121e-01, -4.2404294575925906e-02,
       -1.2341214467787691e-03, 4.2405132068937292e-02,
       9.9909973562125942e-01 ]
T: !!opencv-matrix
   rows: 3
   cols: 1
   dt: d
   data: [ -1.5345571991909933e+01, -2.5783964290494270e-02,
       1.7046442788284749e-01 ]
R1: !!opencv-matrix
   rows: 3
   cols: 3
   dt: d
   data: [ 9.9995077131396959e-01, 5.6352182258382157e-04,
       -9.9064318375930854e-03, -7.7346775816329334e-04,
       9.9977491628543402e-01, -2.1201851666315854e-02,
       9.8922543550238311e-03, 2.1208470232641729e-02,
       9.9972613454593995e-01 ]
R2: !!opencv-matrix
   rows: 3
   cols: 3
   dt: d
   data: [ 9.9993689636027250e-01, 1.6801157520931100e-03,
       -1.1107677905180361e-02, -1.4441912363979351e-03,
       9.9977391942122584e-01, 2.1213777522943626e-02,
       1.1140808276708419e-02, -2.1196397245282168e-02,
       9.9971325645645104e-01 ]
P1: !!opencv-matrix
   rows: 3
   cols: 4
   dt: d
   data: [ 5.0825837154705465e+02, 0., 3.2233318710327148e+02, 0., 0.,
       5.0825837154705465e+02, 2.3881145477294922e+02, 0., 0., 0., 1.,
       0. ]
P2: !!opencv-matrix
   rows: 3
   cols: 4
   dt: d
   data: [ 5.0825837154705465e+02, 0., 3.2233318710327148e+02,
       -7.8000076399382169e+03, 0., 5.0825837154705465e+02,
       2.3881145477294922e+02, 0., 0., 0., 1., 0. ]
Q: !!opencv-matrix
   rows: 4
   cols: 4
   dt: d
   data: [ 1., 0., 0., -3.2233318710327148e+02, 0., 1., 0.,
       -2.3881145477294922e+02, 0., 0., 0., 5.0825837154705465e+02, 0.,
       0., -6.5161265861411452e-02, 0. ]
