%YAML:1.0
M1: !!opencv-matrix
   rows: 3
   cols: 3
   dt: d
   data: [ 5.4894571171582515e+02, 0., 3.1488831702965189e+02, 0.,
       5.4894571171582515e+02, 2.3883054121145486e+02, 0., 0., 1. ]
D1: !!opencv-matrix
   rows: 1
   cols: 5
   dt: d
   data: [ -9.2596575847287602e-02, 1.4502310939266896e-01, 0., 0., 0. ]
M2: !!opencv-matrix
   rows: 3
   cols: 3
   dt: d
   data: [ 5.4894571171582515e+02, 0., 3.1413712553356078e+02, 0.,
       5.4894571171582515e+02, 2.3860576098884189e+02, 0., 0., 1. ]
D2: !!opencv-matrix
   rows: 1
   cols: 5
   dt: d
   data: [ -1.2390078181808743e-01, 2.3875265926482975e-01, 0., 0., 0. ]
