Camera.Parameters=[ 0.838674 1.11524 0.491281 0.494188 0.433877 ]
VideoSource.V4LDevice="/dev/video1"
VideoSource.Framerate=30
Tracker.DrawFASTCorners=1
