%YAML:1.0
R: !!opencv-matrix
   rows: 3
   cols: 3
   dt: d
   data: [ 9.9998871296277803e-01, 4.6732304998832984e-03,
       -8.5724193876273694e-04, -4.6742113857727897e-03,
       9.9998841935253779e-01, -1.1458222960279241e-03,
       8.5187731964480500e-04, 1.1498162931195498e-03,
       9.9999897611323796e-01 ]
T: !!opencv-matrix
   rows: 3
   cols: 1
   dt: d
   data: [ -9.1764718591607490e+00, 2.7437015829783101e-01,
       -3.8072013025871813e-02 ]
R1: !!opencv-matrix
   rows: 3
   cols: 3
   dt: d
   data: [ 9.9967666310817549e-01, -2.5209478193315423e-02,
       3.3243715382213963e-03, 2.5211386938109884e-02,
       9.9968200010602459e-01, -5.3350977036417896e-04,
       -3.3098648855028104e-03, 6.1714928414942534e-04,
       9.9999433194453702e-01 ]
R2: !!opencv-matrix
   rows: 3
   cols: 3
   dt: d
   data: [ 9.9954472022738727e-01, -2.9885695431058474e-02,
       4.1469837419541421e-03, 2.9883304136279161e-02,
       9.9955319109671981e-01, 6.3741843627961319e-04,
       -4.1641805259452925e-03, -5.1320265614984934e-04,
       9.9999119807305359e-01 ]
P1: !!opencv-matrix
   rows: 3
   cols: 4
   dt: d
   data: [ 5.2184878745572053e+02, 0., 3.0409300231933594e+02, 0., 0.,
       5.2184878745572053e+02, 2.2913276863098145e+02, 0., 0., 0., 1.,
       0. ]
P2: !!opencv-matrix
   rows: 3
   cols: 4
   dt: d
   data: [ 5.2184878745572053e+02, 0., 3.0409300231933594e+02,
       -4.7909119181132637e+03, 0., 5.2184878745572053e+02,
       2.2913276863098145e+02, 0., 0., 0., 1., 0. ]
Q: !!opencv-matrix
   rows: 4
   cols: 4
   dt: d
   data: [ 1., 0., 0., -3.0409300231933594e+02, 0., 1., 0.,
       -2.2913276863098145e+02, 0., 0., 0., 5.2184878745572053e+02, 0.,
       0., -1.0892473006709602e-01, 0. ]
