%YAML:1.0
R: !!opencv-matrix
   rows: 3
   cols: 3
   dt: d
   data: [ 9.9985598720556168e-01, -9.7681023881932838e-03,
       1.3877644790291693e-02, 9.6572069063566579e-03,
       9.9992108054422102e-01, 8.0356106205594566e-03,
       -1.3955042241410620e-02, -7.9004341027062164e-03,
       9.9987141170103933e-01 ]
T: !!opencv-matrix
   rows: 3
   cols: 1
   dt: d
   data: [ -1.5331284713234796e+01, 8.7982929700884907e-02,
       2.0910532273484769e-01 ]
R1: !!opencv-matrix
   rows: 3
   cols: 3
   dt: d
   data: [ 9.9988144043372185e-01, -1.5396992793477414e-02,
       1.9413681563203121e-04, 1.5396083524820676e-02,
       9.9987331641876331e-01, 4.0387777656762719e-03,
       -2.5629725383754663e-04, -4.0353099833073747e-03,
       9.9999182525911490e-01 ]
R2: !!opencv-matrix
   rows: 3
   cols: 3
   dt: d
   data: [ 9.9989053827722296e-01, -5.7381557112340751e-03,
       -1.3637632958800562e-02, 5.6830500850274541e-03,
       9.9997554417043832e-01, -4.0760278172480161e-03,
       1.3660688321471990e-02, 3.9980782970749596e-03,
       9.9989869535094100e-01 ]
P1: !!opencv-matrix
   rows: 3
   cols: 4
   dt: d
   data: [ 5.0189905154085426e+02, 0., 3.1803453826904297e+02, 0., 0.,
       5.0189905154085426e+02, 2.3100088119506836e+02, 0., 0., 0., 1.,
       0. ]
P2: !!opencv-matrix
   rows: 3
   cols: 4
   dt: d
   data: [ 5.0189905154085426e+02, 0., 3.1803453826904297e+02,
       -7.6955996300686520e+03, 0., 5.0189905154085426e+02,
       2.3100088119506836e+02, 0., 0., 0., 1., 0. ]
Q: !!opencv-matrix
   rows: 4
   cols: 4
   dt: d
   data: [ 1., 0., 0., -3.1803453826904297e+02, 0., 1., 0.,
       -2.3100088119506836e+02, 0., 0., 0., 5.0189905154085426e+02, 0.,
       0., -6.5218966119262214e-02, 0. ]
