%YAML:1.0
R: !!opencv-matrix
   rows: 3
   cols: 3
   dt: d
   data: [ 9.9999115694811114e-01, 3.2504026327248876e-03,
       -2.6685030079322447e-03, -3.2563030264006953e-03,
       9.9999225668268144e-01, -2.2097658877160706e-03,
       2.6612997160075729e-03, 2.2184358010623254e-03,
       9.9999399799519706e-01 ]
T: !!opencv-matrix
   rows: 3
   cols: 1
   dt: d
   data: [ -9.2265595893737888e+00, 2.6532165193647061e-01,
       -2.5058649734653454e-01 ]
R1: !!opencv-matrix
   rows: 3
   cols: 3
   dt: d
   data: [ 9.9937559427733547e-01, -2.5425534758584393e-02,
       2.4534949461178363e-02, 2.5452607274293104e-02,
       9.9967571640010844e-01, -7.9172146008860123e-04,
       -2.4506863237941365e-02, 1.4157055378081959e-03,
       9.9969865931292867e-01 ]
R2: !!opencv-matrix
   rows: 3
   cols: 3
   dt: d
   data: [ 9.9921864193554477e-01, -2.8733824147128068e-02,
       2.7138035270955388e-02, 2.8703843487116965e-02,
       9.9958684371079887e-01, 1.4937367070492246e-03,
       -2.7169743788869119e-02, -7.1360364686160729e-04,
       9.9963057966044755e-01 ]
P1: !!opencv-matrix
   rows: 3
   cols: 4
   dt: d
   data: [ 5.0079823897921744e+02, 0., 2.9137634277343750e+02, 0., 0.,
       5.0079823897921744e+02, 2.3379861831665039e+02, 0., 0., 0., 1.,
       0. ]
P2: !!opencv-matrix
   rows: 3
   cols: 4
   dt: d
   data: [ 5.0079823897921744e+02, 0., 2.9137634277343750e+02,
       -4.6242579954720895e+03, 0., 5.0079823897921744e+02,
       2.3379861831665039e+02, 0., 0., 0., 1., 0. ]
Q: !!opencv-matrix
   rows: 4
   cols: 4
   dt: d
   data: [ 1., 0., 0., -2.9137634277343750e+02, 0., 1., 0.,
       -2.3379861831665039e+02, 0., 0., 0., 5.0079823897921744e+02, 0.,
       0., -1.0829807494944735e-01, 0. ]
