%YAML:1.0
M1: !!opencv-matrix
   rows: 3
   cols: 3
   dt: d
   data: [ 5.2811823174252004e+02, 0., 3.1854556936711242e+02, 0.,
       5.2811823174252004e+02, 2.4046724032083870e+02, 0., 0., 1. ]
D1: !!opencv-matrix
   rows: 1
   cols: 5
   dt: d
   data: [ -1.1135160192906457e-01, 2.6670241986555182e-01, 0., 0., 0. ]
M2: !!opencv-matrix
   rows: 3
   cols: 3
   dt: d
   data: [ 5.2811823174252004e+02, 0., 3.0620647344040708e+02, 0.,
       5.2811823174252004e+02, 2.1931783439664025e+02, 0., 0., 1. ]
D2: !!opencv-matrix
   rows: 1
   cols: 5
   dt: d
   data: [ -1.1581865732686294e-01, 2.2655350501874424e-01, 0., 0., 0. ]
