%YAML:1.0
M1: !!opencv-matrix
   rows: 3
   cols: 3
   dt: d
   data: [ 5.4288855220733080e+02, 0., 3.0798335501777643e+02, 0.,
       5.4288855220733080e+02, 2.3412747301574035e+02, 0., 0., 1. ]
D1: !!opencv-matrix
   rows: 1
   cols: 5
   dt: d
   data: [ -1.3422780854426614e-01, 1.9318506604699645e-01, 0., 0., 0. ]
M2: !!opencv-matrix
   rows: 3
   cols: 3
   dt: d
   data: [ 5.4288855220733080e+02, 0., 3.0761463360962335e+02, 0.,
       5.4288855220733080e+02, 2.3370937286204662e+02, 0., 0., 1. ]
D2: !!opencv-matrix
   rows: 1
   cols: 5
   dt: d
   data: [ -1.3519639336943423e-01, 1.6436111340879381e-01, 0., 0., 0. ]
