%YAML:1.0
M1: !!opencv-matrix
   rows: 3
   cols: 3
   dt: d
   data: [ 5.5190545596696552e+02, 0., 3.0489188440054602e+02, 0.,
       5.5190545596696552e+02, 2.3001123693498693e+02, 0., 0., 1. ]
D1: !!opencv-matrix
   rows: 1
   cols: 5
   dt: d
   data: [ -9.4795094221600706e-02, 1.1052501812904303e-01, 0., 0., 0. ]
M2: !!opencv-matrix
   rows: 3
   cols: 3
   dt: d
   data: [ 5.5190545596696552e+02, 0., 3.0457983479489940e+02, 0.,
       5.5190545596696552e+02, 2.2697941162785500e+02, 0., 0., 1. ]
D2: !!opencv-matrix
   rows: 1
   cols: 5
   dt: d
   data: [ -1.2451923732811393e-01, 2.7926279168522100e-01, 0., 0., 0. ]
